# vmmchannel - strip (even chip number) - strip (odd chip number)

0  32  128
1  33  65
2  31  127
3  34  66
4  30  126
5  35  67
6  29  125
7  36  68
8  28  124
9  37  69
10  27  123
11  38  70
12  26  122
13  39  71
14  25  121
15  40  72
16  24  120
17  41  73
18  23  119
19  42  74
20  22  118
21  43  75
22  21  117
23  44  76
24  20  116
25  45  77
26  19  115
27  46  78
28  18  114
29  47  79
30  17  113
31  48  80
32  16  112
33  49  81
34  15  111
35  50  82
36  14  110
37  51  83
38  13  109
39  52  84
40  12  108
41  53  85
42  11  107
43  54  86
44  10  106
45  55  87
46  9  105
47  56  88
48  8  104
49  57  89
50  7  103
51  58  90
52  6  102
53  59  91
54  5  101
55  60  92
56  4  100
57  61  93
58  3  99
59  62  94
60  2  98
61  63  95
62  1  97
63  64  96
